1000571519474
1002400329452
1002991365341
1009508666236
1009795017063
1010307294605
1010759117613
1012745993003
1012798784092
1014809791327
1015448997842
1018390822316
1019339974806
1019697338388
1020302671042
1020827172932
1021435230960
1023917262322
1024080213142
1024508134165
1024550925063
1024898453365
1026329635852
1029331054314
1030960748314
1031311308898
1032743638331
1032746306190
1034021315040
1034203014662
1038236156771
1038512477187
1042884577987
1043084106403
1043869799363
1045168175442
1045537302875
1048203186892
1048588314170
1049374791472
1049616698880
1054203415726
1055372528644
1056054682265
1056385785154
1061529339551
1066400913905
1069715404014
1070698127692
1073748299486
1074504842113
1074608762768
1074669953266
1074687344350
1077951817802
1078386726264
1080529586925
1083277458285
1083926994966
1085593865327
1085716231022
1086587748244
1087144081637
1087295970521
1087428887672
1090297187989
1094952888785
1095131675660
1098960036008
1099492113731
1101168659440
1102151782336
1102535394001
1105195536316
1106358601223
1107664950739
1109385426234
1111386851298
1111413441911
1112855697256
1113839360944
1118784939245
1120310119939
1120591529281
1122829089352
1123339890919
1124239492104
1125666271317
1128461903872
1128514698564
1128661136162
1132322351115
1132765337905
1133366015995
1134073610442
1134843057354
1135208779751
1137891941255
1138388444464
1139851252197
1140226093949
1146180398519
1146580179121
1149166126342
1150440547616
1153223040823
1154027186410
1157935465103
1158446009862
1159405738694
1159626023500
1160137774997
1161445434047
1161503997217
1166191551598
1174280050648
1179860861577
1186003615867
1186324272152
1186509353201
1187267865630
1189463409823
1191683448933
1193416317004
1194559245568
1196391621111
1201207533851
1201802757065
1204741405561
1204872225816
1207779654734
1210007605606
1214839667962
1216674675607
1220739416449
1223845443798
1225794132693
1226018462770
1227985052070
1229379666986
1231984591300
1239700846215
1241494823570
1242943386684
1245181539065
1249277440099
1251796307166
1253914011771
1254029263918
1257678363237
1260348774554
1260942476441
1262342014155
1263929981235
1265673394750
1269346719086
1269890912032
1270997656736
1271802184864
1272802463256
1272891702397
1273725211702
1275669716008
1277178038015
1284055722851
1284989929593
1286198063327
1289073182915
1289529191935
1291027486307
1293363180772
1295341690617
1296753800847
1297307360626
1298496242892
1298550646314
1298888877718
1301052835206
1304366536685
1305096776891
1306378807869
1307629906409
1310145288355
1315776973199
1316224272918
1317396615336
1317449419416
1318674662486
1318774429484
1319013273929
1320428154611
1324906312104
null
1326239108515
1326390810869
1327158324628
1331402405490
1335245210778
1335334915737
1338851802146
1343889145035
1345762559526
1346926765487
1346994655260
1347275865309
1349466942936
1354275245550
1356435101980
1357367542803
1358243284886
1361199246693
1363100592585
1369383311059
1370645340977
1371600573331
1373295139861
1375000893259
1375661864759
1382936139405
1383155413185
1383343190164
1388284163031
1391514602545
1391590237792
1392639110021
1396459176571
1397132398853
1397224666822
1398221752822
1398687434607
1399091888253
1400483681311
1401723455631
1402080373101
1402527721410
1403754708533
1404127533677
1405319178522
1408258136998
1411823471455
1419041574705
1420096833426
1422889684321
1423586529441
1425022664532
1426652300227
1427295588102
1427950253956
1428071761467
1430344999767
1431209557153
1432340831195
1436694143300
1442138359466
1445733146899
1455492223847
1455641947020
1457144734763
1457643603935
1458548297854
1458743033042
1464310505638
1465666397601
1465840122340
1467723429423
1470191539662
1470210748624
1474620754459
1475791755061
1475944494045
1478204808965
1480915252234
1482028475210
1482904481731
1483393947982
1487364545436
1487798506850
1490345324371
1498314051259
1501128495048
1504870631078
1506894591789
1508298873874
1508705157030
1510500774879
1512640805116
1513838248104
1516733852216
1519296553712
1519531385153
1520051921783
1520998069326
1525117595823
1530173345183
1533484812900
1533684511184
1535562887831
1535707202963
1539560585683
1543308490627
1545617747119
1549826335112
1551394424297
1551397618198
1552710800238
1554726514840
1555690554733
1558265828970
1558501013993
1561012046756
1561700406800
1562891304463
1566618018404
1568327787374
1568812993815
1569366356927
1569393388021
1570232542184
1570440577343
1571714047470
1574238908586
1574400645110
1574854075631
1582495133771
1582810254914
1584223189708
1588518765042
1593694529609
1594163002579
1594581284359
1595760932085
1596108630090
1596522495220
1597661955798
1602596105030
1602891713114
1604720932550
1605473803166
1606124410153
1606502698777
1606831242061
1608091580518
1608266832404
1612761722719
1614740837278
1616285157255
1617306491327
1617424726608
1618398863276
1618497960753
1623836911099
1628274455525
1634053801636
1634445396795
1637142009036
1642497213991
1644918011964
1646321483185
1646647558741
1648024207167
1649301540878
1650595056617
1653014013147
1653710057957
1653928528454
1656672251678
1657823021379
1658775429640
1660870634041
1662067680770
1663047542279
1665269502703
1672470657023
1672515495610
1675039560338
1675376122602
1679168305761
1679948785189
1680282165377
1683947623540
1686776576629
1687581519511
1693175493686
1694463570256
1694562944941
1694871527682
1704039445229
1705306772093
1707610845371
1709360944267
1709633918834
1709657240300
1712969838349
1714214926962
1715725336660
1716740110709
1717483562114
1719192485876
1720539342356
1725461252803
1728216857308
1729338228243
1729701056169
1730658016892
1731058501025
1733661268036
1735735394429
1736233679827
1736295980787
1736375859453
1737518325279
1739129342706
1739513383070
1743296187343
1744359941391
1746269565162
1746951675513
1751281417931
1751909241344
1754376531963
1757058423471
1759016290989
1759123392132
1759221880920
1759759139439
1762470202177
1762547544605
1763873965140
1769321392636
1770734074972
1771374612173
1771395190223
1773470096499
1774995224244
1783652586755
1784093988191
1787310422065
1788430071348
1788660315670
1791325457370
1791614336058
1793406765817
1793464755652
1793539090725
1795565277743
1796572222719
1799147318602
1800869497725
1801031195982
1802274706584
1802821982515
1803761971850
1803765396147
1804290602758
1805079579636
1805347294704
1805466388421
1805637892986
1811935042343
1812093974606
1815305479067
1816238845189
1817751684156
1818013157418
1818150850432
1818202415350
1821192902694
1822984774109
1823074126389
1823399120154
1824058378299
1825556449160
1828727531756
1829282756653
1834284139113
1837171260662
1839412936640
1840008001369
1842353311766
1844057676653
1844124910420
1844376039191
1846354877757
1846431307412
1848418636072
1848946602471
1850038307393
1850221132030
1853570430109
1853801923462
1855025983703
1856131558335
1856598579959
1858953511482
1861250142129
1862062278112
1868380320625
1869831014421
1870199412026
1872027391183
1872502300747
1872888443755
1877819739716
1880173517937
1885038461431
1885760648308
1888411518937
1894320282517
1894664361602
1895344040701
1896448617011
1897249588081
1900494984796
1901596940512
1904588336584
1906875124614
1909740734253
1910368624512
1912568412456
1915353591350
1920148745139
1925346462406
1925629035877
1926434343027
1931006053105
1932966046411
1934942887797
1937380011052
1937565798556
1939370546209
1948706327221
1950260562000
1951398480518
1954549955866
1954550541669
1956280329173
1956392703847
1957960037012
1958220113354
1958599303783
1963250424103
1964807408027
1965857882720
1966147479965
1966273179456
1966486845421
1967515501806
1969097249701
1969164294986
1970266402865
1970746470100
1976004221569
1976343191530
1976625507110
1977469131349
1978576041651
1978928874449
1981378021080
1982024782768
1983762685878
1987869473963
1987882584875
1988582372069
1988824075147
1989707924323
1992216253600
1992432992895
2003249380580
2007942226947
2009139027184
2011340677881
2020371953536
2021356205145
2022182090639
2026800222235
2029769672103
2031098947784
2033486825957
2034752038583
2036100858256
2036975331793
2037451033811
2040664423911
2041010847191
2042428245098
2044755884414
2045114334939
2045751767367
2047107101030
2048457967130
2050456238883
2050464262108
2050667121455
2051096305553
2052356395390
2055144069336
2055309097266
2055859412922
2056135258425
2056386267146
null
null
null
null
null
null
null
null
null
null
null
null
null
null
null
null
null
null
null
null
null
null
null
null
null
null
null
null
null
null
null
null
null
null
null
null
null
null
null
null
null
null
null
null
null
null
null
null
null
null
null
null
null
null
null
null
null
null
null
null
null
null
null
null
null
null
null
null
null
null
null
null
null
null
null
null
null
null
null
null
null
null
null
null
null
null
null
null
null
null
null
null
null
null
null
null
null
null
null
null
null
null
null
null
null
null
null
null
null
null
null
null
null
null
null
null
null
null
null
null
null
null
null
null
null
null
null
null
null
null
null
null
null
null
null
null
null
null
null
null
null
null
null
null
null
null
null
null
null
null
null
null
null
null
null
null
null
null
null
null
null
null
null
null
null
null
null
null
null
null
null
null
null
null
null
null
null
null
null
null
null
null
null
null
null
null
null
2396359101290
2397147401677
2397434448248
2399168462088
2401204004364
2402922604492
2403975795045
2404534755272
2407957232665
2411981371283
2412721902170
2414232505543
2414506953186
2417183134770
2422327242518
2422728959800
2423423126313
2424192481207
2428338059039
2428813707660
2430080457759
2431081051496
2432733890227
2433214676859
2434782611990
2435895090238
2438732298040
2439013720724
2442775086748
2443209053961
2443362052245
2444430917688
2449232347435
2449972691034
2455127902146
2460207518094
2461051513112
2461087714934
2461691473388
2464445538913
2464856398359
2467820435753
2471033737030
2472169005383
2473421841848
2474729983353
2477028565299
2477961365369
2480402852663
2480530749996
2482197219096
2482363561240
2482777557716
2485494101637
2486238634978
2487913726926
2488724089774
2489316904741
2494077072295
2495461833195
2496007423764
2497818326145
2499023710368
2499824225658
2500020218983
2500968150345
2501365580032
2502491903771
2503366978580
2507090607976
2510513330184
2510666889201
2512408980498
2512714404312
2512941946043
2516934681201
2524724605719
2526150430293
2526933900630
2527100740356
2528248246045
2528615326462
2531980212162
2534630518355
2535824741436
2537044593390
2540534924574
2542844973433
2543039562418
2547102724635
2547458050556
2548160385035
2549184341175
2551179711337
2559746542476
2562509707791
2563897884538
2564598704064
2568977369998
2569710529419
2575536119567
2575568487474
2575907363438
2576684835989
2580260492770
2580402190045
2582271359561
2584974584653
2585338465816
2586431695360
2586589834819
2587272313079
2587738865777
2589429899610
2590569818607
2590960745328
2593236503370
2595968112660
2596571179682
2597901854521
2598154262156
2599948216089
2601991803625
2606386334296
2607060512580
2607421997063
2608628915935
2609368480936
2610745088393
2612966586306
2613733976900
2614081589705
2615725690788
2619140491852
2622264848730
2622906879160
2624576382520
2625660451177
2628014182048
2628660984607
2628880174543
2632372936472
2637971156962
2638879743452
2639934758169
2642187877105
2647393274564
2647897669675
2647959699411
2650406508891
2655174485641
2657213952114
2657319745719
2658145808319
2660069766170
2663375618287
2663467600930
2664952039853
2665375929059
2665589907164
2666786351576
2667235991077
2669788339429
2670180668475
2670689249045
2673051198279
2677084692780
2679457040303
2682862585888
2683622433302
2685384514817
2686075254081
2687054964229
2693430885965
2693964827417
2694257270255
2694492280750
2697393942444
2698499480557
2699720299382
2701943794169
2704161527601
2709754853495
2709926428216
2711166763729
2712108073012
2713750519682
2714743637277
2715018083386
2716487482496
2716701423229
2716807349928
2717452634353
2718376995063
2720280610406
2720634771616
2723244949512
2723784835344
2726526549325
2729210704062
2731196005958
2731327490967
2733257120600
2734531408292
2734842518635
2734991243488
2737095661769
2738600733865
2739076081191
2739878258425
2742967407505
2745393878345
2751298923134
null
null
null
null
null
null
null
null
null
null
null
null
null
null
null
null
null
null
null
null
null
null
null
null
null
null
null
null
null
null
null
null
null
null
null
null
null
null
null
null
2813195859203
2813513175145
2813992279976
2816480385999
2817410234493
2819794116471
2823283013080
2823625019435
2824760937042
2825406277539
2826487054668
2830266920761
2830988535557
2831815073907
2832170153365
2832955086246
2836859650183
2837167365080
2837884073947
2838472341486
2838521403028
2840420358217
2841571413930
2842481006380
2843322604758
2844575093443
2850193565910
2851039125084
2851454347658
2854285689539
2854293205851
2855116212216
2856923998058
2858105927047
2858151613130
2859465400720
2861658908753
2862102581676
2862859929677
2865678253916
2871575101304
2871842419668
2874015432471
2875225029161
2875464763475
2878299837229
2881419522561
2884957177620
2887480833643
2889766905471
2890833836215
2891665031168
2892791761912
2892800642911
2893471869669
2896481944173
2896872205227
2897312356462
2897983239644
2899071380962
2901481494648
2901732636612
2902982446341
2903024839800
2903389324614
2903748552863
2904806486472
2907792234348
2907872408379
2910414193121
2912206254423
2912378191342
2912640398844
2912850743403
2913065046518
2913341394043
2914317325382
2914402472915
2915868831537
2916325938790
2917587749179
2918652231308
2919756894390
2920527075108
2922549500989
2923268889201
2923810925869
2925172203388
2925244588740
2925813585606
2927016854664
2930009050288
2932151828227
2933814057275
2934295994370
2935636811868
2936777916382
2943665784893
2945535371875
2947877221269
2949451905138
2951476607546
2956804394518
2956904670536
2961470021026
2963291214441
2963988315611
2964206998180
2965430988473
2967351909056
2968932300408
2970429309351
2971466403859
2972064019473
2974928265460
2976895580126
2979470372215
2979535710839
2980854327455
2983618269039
2984426999989
2996193810329
2997508813479
2998273653475
2998418688430
3000848692785
3003088235620
3005387231747
3005481918261
3005584657456
3008392823174
3009209935400
3012778989873
3013498995618
3015058164601
3016253951164
3018915004706
3020595661506
3022875422470
3024459227501
3025444435840
3025744761526
3025807498130
3029138981842
3036702357866
3038733344617
3040432236124
3042689006499
3044238548986
3046888310241
null
3048960707048
3052960360127
3052971655717
3053980430166
3054103927099
3055625363310
3056238360994
3058943371968
3059961636909
3061800234818
3063261303133
3063896017443
3067761591946
3067972835501
3070471462215
3070547490142
3071330377206
3074390604206
3075168978819
3075977656946
3077243383341
3077370255085
3077982627218
3078369811534
3080724371744
3081218032035
3081452764259
3085411837756
3086909208874
3086937968283
3087875410599
3088481670599
3089068553052
3091136940640
3092155396876
3093894283618
3094378296155
3095502095705
3098012524765
3098065458734
3099885556693
3102592893873
3103207492696
3107426545164
3107916454327
3112039251937
3113174722535
3113199398081
3116157026729
3116631933505
3123697859007
3124384830583
3124886068859
3125737984878
3127462649992
3128284990507
3128970144870
3128989437680
3129914679861
3133469212916
3138038704779
3142802149000
3145399933700
3147957004808
3149573052652
3149577965972
3150589730601
3152231290341
3155265493351
3155417294904
3165688636693
3166001523690
3166867043264
3168088403612
3169802389762
3170629258360
3172005943556
3172196258095
3172213420016
3175164238532
3175996861571
3176383505351
3176386957812
3180061660690
3180066215161
3182982229710
3183482582770
3185711091619
3185993018847
3188264683188
3189551346922
3190127502079
3192244211933
3193646647481
3195435355010
3195939742637
3197979552863
3198421880152
3199782884070
3201964439869
3202379083005
3202888339259
3203498021879
3204605873329
3210534517913
3212349437134
3212911388932
3213875486375
3217157596936
3218271947314
3221913760042
3223080141297
3227397506923
3227654398438
3230627623727
3232157341201
3233667685502
3236905272533
3238118624734
3239661715627
3239852072225
3242801860354
3243786439597
3250040314064
3251730436332
3253277580820
3254525325903
3261227992531
3265628416696
3266098680549
3269896978856
3270127447652
3272735088906
3274081446645
3276444314721
3278682447353
3279910279647
3281742296891
3286336578889
3287994153937
3289796478799
3292218092374
3298255944942
3301908808802
3308430911048
3311497978732
3312405503688
3312427087722
3312623310310
3313051940162
3313219901400
3315656623990
3315704156081
3316325649631
3322778183097
3323563777408
3325465162351
3326619065092
3327321045488
3328480849870
3333640466040
3336414372783
3336622344299
3341384438513
3342043554254
3342245884289
3343154979622
3344759330498
3357641735837
3357783423357
3358346261744
3359556933322
3359615234582
3359844563132
3371054834413
3372641033547
3377239961813
3381774404476
3386043256688
3387844158218
3388388591929
3388495807920
3392829402347
3394607922931
3394969014718
3396912355497
3397823773875
3402289604752
3408407688239
3410545418104
3412953372252
3415413904321
3417385269088
3418883545698
3420444604423
3423362867093
3424365321339
3424884441686
3426240049161
3427101363174
3427152605827
3428880228661
3429869068742
3431129105715
3431181433160
3432640162737
3434354203386
3435745978302
3439741813636
3440733110503
3441335498402
3444591263074
3444625354907
3445684365378
3450587944711
3455239021277
3456251550226
3459584167673
3461707939593
3465755940600
3468666549498
3468911793669
3469540597871
3470224215813
3476540931666
3482193809986
3485853681540
3491328232339
3495347893892
3496044320247
3497003184726
3497926780272
3500101921855
3500573631849
3503451593321
3503694688181
3504883299294
3507688440922
3509122484448
3510605241724
3514086859584
3514929451463
3515060425610
3515775461019
3515927311865
3518218386160
3522185231132
3525138225523
3527057656891
3527109060744
3530953338662
3535714586078
3537820339487
3539985155575
3541282681053
3541480582770
3542013586210
3546692558636
3547260081433
3547284321454
3548248048639
3549891979486
3551843292802
3553399987584
3554376601806
3557129398558
3557789240242
3557899870841
3559731139802
3561144591832
3562369674003
3562673529877
3569754787638
3576356679360
3579519893313
3580170394262
3583219245143
3590020022580
3594710671355
3598550913859
3598668993552
3599122571514
3601512951537
3604681379065
3607083109421
3607857044729
3610640911344
3613443874908
3615427899648
3625376492173
3626849476065
3627466391243
3628359777243
3628485916202
3634572905578
3635443106773
3637320956464
3639954603998
3644492046817
3645088754017
3645464807542
3649028221331
3649922861961
3650517428988
3652312197120
3653538835957
3653683155627
3658350095886
3658726509047
3661736608372
3662529301449
3662628549742
3669144168594
3674258419821
3674910428727
3675320793320
3676347389183
3677515573229
3678357286766
3679568228866
3680310861491
3680921947843
3685246470847
3685387886118
3685856506684
3686087757494
3688447932091
3689023829316
3689200665492
3693822769797
3694287192007
3695041954541
3695978132593
3695984111667
3697206089716
3700450028650
3701738551372
3702440443559
3703050187772
3703214790046
3704423412002
3704911284852
3708408059619
3710571279428
3714010153683
3715038746338
3720077853213
3721270635231
3721308616737
3723666440757
3726470047914
3727848761975
3729332342943
3732395568632
3732553080853
3733593424980
3739503661025
3740007201631
3741025595641
3742821011786
3743935934664
3744181750190
3744185283014
3744422454269
3745162312604
3749832371649
3750010051239
3751865111819
3753158231419
3757369988377
3757421761580
3758591732417
3758895146330
3760768179925
3760960961991
3764709399779
3764901075426
3767073080830
3767737451396
3768651845223
3769324830553
3771512475040
3774008870763
3777845523557
3778304675510
3778369522057
3779307384317
3783324354123
3783933212982
3784087925711
3785913899756
3786467893276
3787495252875
3789663819705
3790021393751
3791052527054
3794137166742
3795200205429
3796450805100
3797035727039
3804627515001
3805944410758
3807180923207
3808427335166
3808624724404
3809541425290
3811568114590
3812098094697
3814834984590
3820309051865
3821039833301
3824998277506
3828308203971
3833871841567
3834403970182
3841492356087
3841665532515
3846239158870
3847983075161
3850012930430
3850310673008
3851541454534
3855852047317
3857754202597
3865867239843
3865874609677
3865978816582
3868228083383
3875779866266
3877941994463
3878019761284
3882121411258
3883095164805
3888926030007
3891615090404
3892334476470
3892633276641
3893051719901
3893898518231
3895011884650
3900385030661
3902432685855
3903930012174
3905505227242
3906691479057
3911166783102
3911727360391
3913062105651
3914390336397
3914470996404
3917952429285
3919518369363
3930950314018
3932235633821
3932298089481
3935550039453
3937432377271
3940242197519
3941499982026
3944835917683
3947712801686
3950203754941
3954887251833
3955988289152
3962023732948
3962718528283
3963636050641
3963995120399
3965641962575
3967647889597
3967771155339
3969472165617
3970385925106
3976082698749
3976541801901
3976758795048
3976794765586
3978917705530
3979093480969
3981859218365
3983589355815
3984377436594
3985779123303
3986653741538
3992582550141
3993437455482
3996524146119
3997395551811
3997751904770
3997761288549
3999274280256
4001099741894
4001913924373
4003634182322
4005554199626
4006161632261
4007695448038
4012463689391
4014940121349
4019568334577
4019617958075
4021981894781
4023533202907
4023938520866
4024042896113
4025761837883
4026866594879
4033085474332
4039493385949
4042212799729
4042650558070
4047573273314
4049908145853
4051467453300
4059708204568
4060259348953
4061967251412
4063269554185
4068115862711
4068326471467
4070077306578
4072102050593
4072969555941
4074277383193
4076588701024
4077521505259
4078888985203
4079831749170
4080802287379
4083843215653
4084388674950
4087064756025
4088441801130
4089069273705
4089205080204
4090053567304
4090612177050
4091337112715
4093518271655
4097428968391
4098411417407
4099229917899
4099336675798
4100240983265
4101594579982
4104076440909
4104760022916
4104947178719
4106875128569
4111187265710
4111424522927
4112454186073
4113015196661
4114881698754
4115784607300
4117061019790
4118623091827
4118947387286
4119152650837
4119326286251
4119570135992
4121380294073
4122314258291
4124057923993
4125733180273
4126149616479
4126364254302
4128496247122
4130912911012
4133148176828
4133414875486
4134291959467
4134397821910
4134848749985
4136033307017
4139751962827
4142846240359
4145056047756
4146447886411
4147073621964
4152573948923
4153949399868
4159126708430
4159596535819
4161799590755
4161916614432
4162769502464
4163442857147
4163968342752
4166856263740
4167031629481
4171190676187
4176190843263
4178717527366
4181748186204
4181968335390
4183647393622
4183693537766
4184400548303
4184417704679
4187598734718
4188587127191
4191710804920
4192180103452
4195961875340
4196970183068
4197516664003
4197520597526
4209064834491
4209907789711
4212755019459
4215439737984
4216343364020
4217289189302
4217550314068
4218781430275
4219243791071
4226015776020
4227160605210
4227633693768
4228555332254
4228609049695
4230460395033
4236561887651
4237080283337
4237404584713
4238118681132
4239708562190
4240822663472
4244411144199
4245161856721
4245323905427
4251013939511
4253236336672
4255074427185
4255221374584
4256662718265
4257018654435
4257921369686
4258298242732
4261758358041
4263618051024
4264160476884
4264655724759
4267317478298
4268932556590
4270167333525
4272135039163
4273765256647
4276583711176
4277231653886
4277952746812
4278118812952
4280142012055
4281155451312
4281180158194
4281377683874
4284733704565
4285811351572
4288598561042
4288698416204
4290881767116
4292804760754
4292926944568
4293633364274
4301041918092
4304917545071
4305053725945
4305729544283
4307266251594
4307495774468
4316230186770
4317402587562
4318109378231
4318523923796
4321336432379
4322606307472
4324143161333
4324643177346
4326061702322
4326936927874
4335938642784
4336492531682
4336612917037
4336948815649
4339238316697
4339753213143
4340072863681
4341659895767
4342378631315
4342385900275
4343396518091
4349063099054
4352671737973
4353386184458
4356431531221
4361357816000
4369176395188
4373913979357
4373983441044
4374078241181
4375873709579
4375943447141
4377492093398
4380194856345
4381826542681
4381980937989
4382029443430
4382814056272
4383690321010
4384274674775
4384757106571
4384989670710
4385824575566
4386464975594
4391146957201
4392559376771
4395815605950
4399231782363
4403226311732
4404137276400
4404790586687
4408447546246
4408656095641
4409913044402
4410398003334
4410601525561
4419949196525
4420168722389
4423654169361
4425634467160
4425947916874
4427867258393
4428614827978
4431873166474
4436180099859
4437404985231
4437844347101
4439538840677
4446303320814
4446343445157
4446902786219
4450687647481
4452327770825
4452708769004
4455085158133
4456135491903
4456507001334
4456914735174
4457531022678
4460747929396
4461201512277
4465565406197
4466981817109
4467186076445
4467552983179
4467632240734
4467765498309
4468539745322
4469047189370
4471777218688
4472442860461
4473826811109
4479590546933
4484780453557
4486025506189
4489098309275
4489293390399
4489966706700
4493114259574
4493762579628
4494925604270
4497705475831
4503808147718
4506787169672
4507484746777
4514772894218
4517424310883
4518987058717
4519205496137
4519606826106
4520232865353
4521681617852
4522338167584
4523154892599
4523331443415
4525535390175
4526691647219
4526888860506
4527878466456
4528205014548
4532508346657
4532619909475
4536038610875
4541534049043
4543872030158
4548652333207
4550220972053
4551900693275
4556126459643
4556609525391
4559978123878
4562397606723
4567308389740
4567479270519
4569009291797
4569841727300
4570088829153
4572839969798
4582665908298
4583014561171
4584319902034
4586071727573
4587832698316
4588420227208
4589537496181
4591461061489
4592381332444
4598515901500
4599510007709
4599832591498
4600221054019
4603172987702
4604452801855
4606680189507
4608227419702
4612106533229
4612790658062
4614563133745
4614888252367
4616013916502
4616100367033
4617087854011
4618850978057
4621678635767
4622937467686
4626329046800
4628098356272
4630623559737
4631233157290
4633570176552
4633852141438
4635600058326
4636337491974
4637483853548
4639399492989
4642468600253
4642488664112
4643295572614
4645955548977
4648778078065
4651077846952
4651363193449
4651430797037
4653840395698
4664145551801
4665476592525
4668524136726
4672074467957
4672706085825
4674247737287
4674471996566
4679094568473
4679284243333
4681147031636
4683845544470
4687434338204
4688685945982
4690156078204
4692773355300
4692935109260
4693436966444
4693903470023
4697080321659
4697215901343
4704455296570
4705119546789
4705216632651
4706673019146
4706777293664
4709069438071
4709275134798
4710533405239
4714604614919
4715338997545
4717382040512
4718906053186
4721779663031
4722355944049
4723285800931
4726665092957
4730162148925
4731167267116
4732101914653
4734303626013
4735243522762
4737204953646
4738440530257
4744116452402
4745661740570
4746191869526
4750363981428
4755362747655
4756836377026
4757527224339
4760026897492
4760403685438
4762623953861
4765614614925
4767970006253
4768175976150
4770549714992
4771606535598
4771937844888
4775805254571
4776258994854
4777288235559
4778461601505
4780251534412
4783868852931
4786770979222
4792951518340
4793853660618
4794195327863
4794432655070
4794924441051
4801929185122
4802153063446
4803553628303
4804647748037
4806479908702
4810347579734
4812514686191
4817241010431
4820309547039
4820311045851
4824665053579
4834043386120
4837326944161
4838718686843
4840051371911
4843394990979
4844531992436
4844930725956
4845941752894
4845956326646
4848009409884
4849066731789
4851121652038
4852358512805
4852975092049
4853270344178
4853506514528
4855459326203
4858724001997
4860778904384
4861578763980
4862891066178
4864036461534
4864191475681
4864930835424
4866075716354
4876542418919
4876859804290
4877568338304
4881170280197
4881788347794
4882019024231
4882318011147
4883183711880
4885557394347
4886422595661
4889960832991
4891422537412
4891765518758
4892310475526
4893096069367
4893659906443
4894134176047
4894668314502
4897211293361
4897855814014
4902079463853
4903369214858
4903633774316
4907538927716
4908503066829
4909286188128
4910522015986
4910779647220
4911632662114
4912318412283
4912779291373
4913349396795
4914227217812
4919331465159
4923693925985
4928179331366
4930309395087
4931597404031
4936420715971
4938407203730
4938763163129
4939297904097
4939709506789
4946570537767
4946588633369
4947743398710
4948254435116
4950173493702
4950570393681
4951423810973
4952502198890
4953224788260
4953727314034
4958339782455
4958372942991
4958643908572
4958853978037
4961833447126
4963591875586
4965825543971
4969738987372
4970268859503
4970364723586
4974353483765
4974399161535
4974650779004
4974788597792
4976543110369
4978889474303
4979801419976
4982709157147
4985640014289
4987105701512
4990708894864
4990743899664
4990896502268
4990977078781
4991811631292
4995009482550
4999123065811
5001946988709
5003790532282
5006637044467
5006769799815
5006913362131
5007118264039
5009171846474
5012486427160
5012719846294
5013341308112
5013992195390
5014127659534
5014912567891
5018974691266
5020668765191
5022501761025
5023622769341
5024602470301
5024987745407
5029180452862
5031800233911
5036405572342
5037191232502
5038009167566
5039705383311
5041027755516
5041317290901
5044108270854
5045991259452
5048364875402
5050066219316
5051796964996
5052316139542
5060137895608
5060149177891
5062066554090
5062559431853
5062826796739
5063059584780
5063350265500
5063472738104
5073099737398
5073825754637
5073917018883
5076969182366
5077323727414
5077382511214
5077408264933
5084964451813
5086050992460
5086359754592
5086726832953
5088022444137
5089103731542
5089784773480
5098216243613
5100264869841
5101873808658
5103042903287
5104676924365
5107682213249
5116592405606
5119727395964
5120936482468
5121789490488
5121798911042
5125250692005
5127109066012
5127990007170
5130456122225
5134224521401
5135214447244
5136998561379
5138219257610
5138986665557
5144208232650
5144758498650
5145078076191
5152299685637
5152383915633
5156225762164
5158738592290
5159658512344
5160330372330
5167940211349
5168019433266
5169751785750
5171865073500
5173095133078
5173531408425
5184469497795
5184873867689
5192522781446
5192867507343
5194097114360
5196902113346
5197245592584
5199382080849
5199403486834
5202158832099
5203381310545
5204233197888
5204267696227
5204486319358
5205099931463
5207963752563
5209249709858
5212674711464
5214396057370
5215330890305
5218554504096
5218978143468
5219235005185
5220527476095
5221995368349
5222500657736
5223350671460
5224668055324
5225908635832
5226727452549
5231808660300
5234745102810
5235210538059
5235573882165
5239021092496
5242831533059
5244026652514
5246801303512
5247530288798
5247647298512
5251156735291
5251408071061
5253199845234
5253429562252
5253577605207
5254685183359
5256773614325
5258728412574
5258977713224
5262924176925
5263472615027
5267655106456
5270758287830
5271288165216
5273682579576
5273930757909
5275284877340
5278747618924
5283915939442
5284220554191
5284752341375
5285181273596
5286385862456
5287428050441
5288222788479
5290987800204
5291812676148
5293080101742
5293619577376
5295255333835
5296080946153
5297126195221
5297452486642
5298300479991
5300536888529
5302159648344
5302712141817
5305490676878
5307102931511
5309249640141
5310956674244
5311931866289
5313484721572
5315094542189
5321529670426
5323618110356
5323772959938
5325304743756
5326910068615
5328076979439
5333073878265
5337743293488
5339034768804
5342019465186
5342300493591
5342935550669
5351059250621
5351349769536
5352268650073
5352951267304
5353603098444
5355003675805
5361898732004
5366716699859
5370257991358
5371946903898
5372068828212
5373718150011
5375019282705
5378031894062
5381884874792
5387618675895
5387638604875
5390331478322
5391442919247
5392833834385
5396516311279
5401627334731
5403195532847
5405443934434
5406823370118
5407412044458
5407858676183
5412900682012
5415478018559
5417308893671
5417488742813
5420446633788
5421072320073
5421417766139
5421600240453
5423005433027
5423087484177
5423708243404
5429630570090
5430024897105
5432198781488
5434085162424
5434129908919
5435304089584
5435478493576
5437311866592
5442095147713
5448946791999
5449024177940
5450027388981
5450953056237
5451136496321
5454444195856
5456614825037
5457445087953
5458427739266
5459910224160
5463716181534
5465682344166
5465794871734
5466565620414
5466919303192
5467735715886
5469044286842
5472192014168
5473534568257
5477237321119
5478521235020
5479905976195
5480942940759
5481628877581
5488465931841
5489083423084
5489339539835
5489655898319
5490643438684
5491648105403
5492127271268
5498421542486
5499040717408
5499943294464
5500009963917
5506786945016
5507865557816
5507956677249
5508115687024
5508623781689
5510366593108
5512955168124
5515693491042
5516180708605
5517456928918
5519216285231
5519451123190
5519565701895
5520675408291
5521460862892
5526064475325
5527371990518
5529834891097
5529910914535
5530286791316
5534486699588
5534845268578
5535526151677
5537867683176
5538455290844
5539243658631
5543992098099
5544920935813
5545775728414
5548695736378
5551737755879
5551989936620
5552153940757
5553623291805
5553680188001
5554152230068
5561224591873
5561807744283
5562313676228
5564696786013
5565663859082
5568945136024
null
null
5577640764920
5578434724793
5578517895709
5578669758792
5578825322874
5580686444169
5580906246108
5582194476625
5583787703678
5587494475989
5591536039596
5592408078910
5594574163568
5596072197670
5598943390890
5599667402555
5602627044716
5606462545087
5607941363703
5610139288573
5612284644372
5612975292264
5613354092475
5615458124434
5618519799978
5618688828844
5620639373051
5621308419469
5623374097350
5624409269155
5625936893998
5626807959119
5629286129851
5633353832100
5633552950575
5634339490390
5634555439715
5637383093494
5637829772747
5639685731388
5642329544008
5644958679953
5646879228852
5648070556437
5649890596528
5651380698469
5655484884858
5656872357367
5657679400775
5657996347715
5665191328668
5665578044327
5667120307232
5668430190989
5668932170595
5669990795607
5671405246604
5675604507948
5676546844313
5676636815179
5676974943497
5677888251852
5680989123140
5681066130471
5681711488896
5683936478904
5685298304945
5686478189222
5692411666958
5692771872402
5692836447750
5694272686755
5694526602401
5697577977764
5699785171477
5700824707684
5704615455549
5704965556859
5706450238516
5707101640894
5711715896189
5712622547973
5713458905869
5714946465803
5715376801261
5716732738559
5717574293640
5718940203546
5719609427723
5725746838117
5726523750158
5726622179720
5727670597986
5728455118242
5728869931673
5732279374241
5733812179460
5735916945156
5736450479183
5738369470374
5739708104325
5739904263413
5740487778850
5741825414584
5742154611163
5742761985329
5743528991751
null
5753268929365
5756120722425
5756640078095
5757979189742
5758167150520
null
5759251744045
5760226939472
5762859345255
5768403007983
5768667558245
null
5769486334119
5769794670718
5773139120646
5773654974236
5774837954243
5778549805763
5779955014817
5780856215586
5781123944666
5785992149771
5788515905762
5788719578847
5790876206457
5793249930201
5795405389847
5800867224312
5802265157209
5808019992256
5809081704631
5814328826175
5818852571075
5819258391960
5822484012622
5824886088663
5824955548364
5825942177345
5828536577293
5833971047836
5834026788353
5837362525286
5838357314175
5842033974577
5843000105697
null
5846351696241
5846671687936
5846766598383
5848292695673
5850975668874
null
5854268559511
5856759867891
5860650984915
5861306450457
5864606246195
null
5869261981481
5870664439646
5874015119393
5877930169191
5880536627040
null
5881126363317
5884605227551
5885666647845
5885998039295
5887789833211
null
5894650063288
5901896751784
5902011147086
5902034194845
5904298205190
null
5908172381819
5909372084579
5916788703642
5917154639619
5917803785216
null
5923041727345
5928555376348
5929572093614
5930908480565
5931113427161
null
5933850392047
5934705298040
5939085943542
5940258951004
5941722048664
null
5942709861252
5944028849249
5946946415117
5947138989355
5948255007618
null
5949865003748
5950418367583
5951753388554
5951975035182
5952843655921
null
5955933230237
5957591673265
5958382817806
5959435436142
5959619926582
null
5960728725553
5963385304734
5963779734109
5965886134100
5966147254575
5966562693881
5967494480594
5968220307567
5969163008672
5969610005025
5969976172638
5971860062109
5972306624622
5972519493404
5973196399614
5973965408059
5977143764524
5977650229790
5978306025476
5980993483309
5981086070000
5981244131772
5983168227012
5986086788498
5986372187813
5987646556540
5987955204378
5988848078403
5989464566336
5989497289127
5993488686574
5993596918437
5993982981229
5994549412163
5995084543657
5996549647910
5999177233777
5999384966468
6004794739232
6005009054232
6010011121742
6011128285303
6013046258810
6013476237836
6016507007545
6016552953705
6019425553606
6020498677489
6022819960997
6025223354345
6028328069909
6034440502026
6035110733177
6035796813507
6037457722296
6039772730925
6040161105033
6040651752730
6041988412854
6044967303761
6047460904312
6048151491685
6049193297921
6053078153431
6053685711390
6054014406468
6057067150999
6061521223051
6061675139048
6066491877709
6066558735904
6066590227771
6067750796625
6067786892971
6068060558712
6074092102434
6078120745402
6079883826872
6080251765860
6082254963663
6082327031558
6082551950434
6084957899171
6085462811955
6087092944164
6087558959374
6088615693255
6088714693200
6089059204069
6090679104035
6091607696486
6091864345301
6093895086840
6096346201830
6099132209010
6099171888795
6102201927583
6103757735998
6104307257144
6106397607564
6116577347968
6120125568170
6121392595371
6122341196083
6122482506222
6124385458370
6125955613373
6125979274956
6127233660260
6128163114250
6130862375498
6131952745146
6132403423811
6136216469240
6139241911746
6140799061890
6141497158448
6141844798068
6142241379928
6145215017529
6147359774337
6149642613521
6149722240890
6151246456510
6153019632176
6153585688478
6156302134944
6157797480523
6159451219548
6160632969190
6163318151193
6163494442436
6163931673843
6164566268626
6166123499061
6166600646612
6166684872662
6169096048694
6171582527705
6172187133872
6172816688834
6175252728201
6175336671225
6176576677428
6176908696288
6176967783653
6178796872799
6181454420041
6183952069418
6187898700466
6188684377381
6190304540624
6193631080535
6194379983799
6194475458429
6195919516675
6200119571277
6200386106332
6202010763317
6204304111484
6204589319599
6205657692392
6207014070393
6207464815179
6207606306480
6208275837459
6210122271156
6210800644142
6211096828896
6211347275721
6214400865365
6216890455149
6218324979030
6223866797837
6225585514856
6229784848569
6231727485885
6231952817598
6233910036126
6237158223317
6240621223646
6242866430100
6242933823064
6245528398299
6245565503434
6246356796318
6249287542603
6250060557936
6255104671289
6259692102217
6259704851546
6265521718832
6266368429301
6266484047205
6266633975304
6269293706585
6270873904017
6271678406218
6273791487822
6278343327557
6280266877057
6280452593136
6281634639611
6282027834125
6284549177315
6287945174902
6289145457786
6291282810812
6292923100101
6298389917505
6298617409314
6299969550884
6301824621391
6302287306214
6304767206793
6305612075700
6307462862363
6312994079394
6319638634339
6322224498895
6322437086018
6324077635601
6324641585295
6325343661256
6336222981662
6338631126054
6339129940725
6340783335147
6346014316374
6346629533210
6348116297674
6348221574110
6349355580497
6349414855245
null
6350554615903
6353315620338
6358761127127
6359975512785
6360430355694
6361482142768
6362857955112
6368177693796
6370336268370
6370754683410
6371907931631
6375492042710
6375879977567
6378730704845
6382161451766
6382672540409
6384906294799
6387296421578
6389420195782
6394606572240
6395693326990
6395716116621
6396792980915
6397724394831
6398757884191
6398880438292
6408816482036
6409120351896
6416456905280
6418435274424
6426454066791
6428777880672
6430307089950
6431614449628
6431908104493
6433681845310
6435800321774
6445268055951
6445535332693
6445902491817
6446365085582
6448550855840
6449983642519
6450321445778
6452946436520
6458516529715
6464502196403
6466134669225
6468230370050
6471237706548
6471597211133
6472582771373
6472916886049
6473177050545
6474109620430
6475210403684
6477906821673
6478006121946
6478611221772
6478643703307
6479773673676
6480816595534
6481375490131
6482707151928
6489247275169
6489679703889
6489751581510
6491079971119
6492324231835
6495524793264
6500348533498
6506761472376
6506972188691
6507121624923
6510051115980
6512016208676
6515843866828
6516903550121
6524296045049
6529953189593
6531070942210
6532649685446
6533851602214
6537980837028
6538568158818
6538569256841
6542726682275
6545466431011
6546783438509
6546948628981
6547487942866
6547723355504
6551200221657
6551308989961
6553485610478
6553641023715
6554574368270
6556807033191
6557136079911
6560374552283
null
null
null
null
null
null
null
null
null
null
null
null
null
null
null
null
null
null
null
null
null
null
null
null
null
null
null
null
null
null
null
null
null
null
null
null
null
null
null
null
null
null
null
null
null
null
null
null
null
null
null
null
null
null
null
null
null
null
null
null
null
null
null
null
null
null
null
null
null
null
null
null
null
null
null
null
null
null
null
null
null
null
null
null
null
null
null
null
null
null
null
null
null
null
null
null
null
null
null
null
null
null
null
null
null
null
null
null
null
null
null
null
null
null
null
null
null
null
null
null
null
null
null
null
null
null
null
null
null
null
null
null
null
null
null
null
null
null
null
null
null
null
null
null
null
null
null
null
null
null
null
null
null
null
null
null
null
null
null
null
null
null
null
null
null
null
null
null
null
null
null
null
null
null
null
null
null
null
null
null
null
null
null
null
null
null
null
null
null
null
null
null
null
null
null
null
null
null
null
null
null
null
null
null
null
null
null
null
null
null
null
null
null
null
null
null
null
null
null
null
null
null
null
null
null
null
null
null
null
null
null
null
null
null
null
null
null
null
null
null
null
null
null
null
null
null
null
null
null
null
null
null
null
null
null
null
null
null
null
null
null
null
null
null
null
null
null
null
null
null
null
null
null
null
null
null
null
null
null
null
null
null
null
null
null
null
null
null
null
null
null
null
null
null
null
null
null
null
null
null
null
null
null
null
null
null
null
null
null
null
null
null
null
null
null
null
null
null
null
null
null
null
null
null
null
null
null
null
null
null
null
null
null
null
null
null
null
null
null
null
null
null
null
null
null
null
null
null
null
null
null
null
null
null
null
null
null
null
null
null
null
null
null
null
null
null
null
null
null
null
null
null
null
null
null
null
null
null
null
null
null
null
null
null
null
null
null
null
null
null
null
null
null
null
null
null
null
null
null
null
null
null
null
null
null
null
null
null
null
null
null
null
null
null
null
null
null
null
null
null
null
null
null
null
null
null
null
null
null
null
null
null
null
null
null
null
null
null
null
null
null
null
null
null
null
null
null
null
null
null
null
null
null
null
null
null
null
null
null
null
null
null
null
null
null
null
null
null
null
null
null
null
null
null
null
null
null
null
null
null
null
null
null
null
null
null
null
null
null
null
null
null
null
null
null
null
null
null
null
null
7440924130385
7442506290487
7445088374170
7446103378609
7448598761928
7448062588136
7448959131315
7449577431535
7451991607472
7454650331183
7456983163127
7457360779320
7458868602417
7461876496053
7464174337103
7464285532039
7464853100066
7465279674377
7465955100763
7467791375060
7468270229874
7469475958477
7469921805294
7469977640542
7476283732151
7479147890134
7479804507306
7480796841293
7481831919397
7486392990687
7489165775016
7490247086852
7491969121098
7493472813026
7499400925182
7504841509317
7505461606882
7506896005011
7511908000960
7513421285640
7514792772692
7515779816965
7516205433213
7516417967131
7516464034183
7517114070957
7520012507753
7520867642920
7520946594201
7525174794478
7525975857174
7526555537837
7528234865873
7529599283012
7531696610158
7531798092562
7532929190058
7533104742291
7535068019662
7536671521542
7538151919313
7545934230275
7548339195132
7548572768711
7549501628915
7550748987352
7552699227938
7553850152106
7556591422996
7560373753529
7560911536973
7561233254231
7562509892904
7567841235518
7570355863184
7573477810661
7575555312883
7576361090408
7582005550009
7584406039756
7587704132341
7598028354456
7598407621353
7599593117347
7599793176175
7600873506017
7601143487975
7601609443453
7603929296887
7605693272630
7608720584683
7614857132956
7616447016967
7617091330041
7619376960790
7619909485493
7620076877875
7621060491381
7621076277849
7625092895056
7625763663588
7629784342477
7630901011268
7631545472170
7634778420062
7635418915160
7635534460254
7636922775257
7639557310015
7641405894707
7643749679057
7645534500768
7646512852350
7649589972624
7651272409195
7653144798284
7654175014985
7655347458453
7656933646469
7658361383619
7659765557279
7660222087185
7660243056832
7661596675480
7666432810421
7667748375451
7672794844264
7673531558956
7673948976206
7675090068181
7675547658064
7676002120669
7676274617607
7678065296718
7678448029001
7684382890195
7688577160926
7689577110270
7690742321827
7691842958678
7693126362508
7694376733421
7695024179912
7701369981322
7703949114403
7714352612943
7719168033227
7727491139073
7738899124462
7740112082244
7740119709229
7740771278026
7749939589929
7750188797386
7750548228840
7751213589044
7751713831605
7752135704782
7752542978004
7753061107708
7755045484713
7756398611627
7756947523760
7757367385372
7760133936456
7762656083952
7765814068730
7766138459815
7767265983686
7767436836179
7767769678491
7768458389209
7768584707489
7770069582238
7771158475332
7773521531676
7774590021631
7776251327748
7777398569497
7780557118252
7782074328022
7781110351239
7783913090124
7784324914696
7787174073339
7790576698260
7796529569243
7799452849734
7799881026942
7803091566386
7813941870280
7821528916269
7822247228749
7823299204569
7823557854376
7824140535979
7824864803361
7826388522216
7827217113599
7827255854447
7828385882379
7832794509949
7834159660999
7835476018739
7836961188050
7838113758319
7840020116601
7841860649366
7843572047225
7847351970551
7849862617505
7852714456221
7853708086936
7854109573032
7857173172323
7857665830823
7858096766071
7858529919791
7859706034863
7861998899662
7862538749508
7864216547413
7864243366070
7865652006458
7866576403613
7867420677112
7867749988876
7867949973191
7868515446279
7872546049132
7873736794276
7874648479978
7875353336587
7881975152818
7883547256535
7886215596322
7891510551051
7894538699446
7896943907093
7897617417900
7899471045541
7900412436653
7900683289736
7904633929017
7904727511425
7905011115749
7909653521067
7910401099868
7910464423310
7911025075221
7911209030237
7912199646316
7914145174409
7914789248658
7915725531780
7916148687542
7916339596486
7919000071862
7921541073502
7924038751426
7924621144567
7926213275178
7926259279642
7927927720879
7930864648465
7934626832543
7936518492057
7938866324363
7939912114181
7940431170237
7942183281162
7944671913418
7948214388381
7950461580623
7951890752711
7953068189299
7956535168643
7961705615278
7962517215229
7966645389876
7967293712535
7969233411317
7969648496138
7970478210542
7972303837214
7972784942377
7977159731723
7979220109462
7980493266264
7981105548594
7982947316990
7983458319463
7984588861839
7985169929931
7985171483681
7985515909709
7987958267293
7988978260721
7992560769011
7995865967199
7995892082551
7997357647893
7997695561295
8000706315196
8004524725601
8004686147518
8009803590222
8010081767411
8013651030809
8019817162858
8022209064234
8023815844944
8024265892080
8024908171176
8025414869458
8026062888853
8029010800716
8033936919346
8034226658648
8035995416453
8036438984270
8038775099495
8039291003751
8039947808310
8041832263388
8042926258297
8043911151043
8046535389946
8048314172435
8049998029381
8053750653783
8054864115150
8055188284560
8060581631712
8061698869982
8064334095080
8065734224827
8069643374857
8070853246872
8070923665732
8071271363479
8071535558450
8073859516536
8075533433757
8077865890864
8078043587200
8082214720884
8087383333019
8087952398807
8093426060798
8093711038365
8094720117225
8094860114825
8096258538725
8099995552252
8101383785170
8102026467651
8103086488273
8103403904851
8105169944317
8105206801771
8110845585906
8111385621628
8113349554867
8119150249909
8119206372537
8119600176649
8119978287053
8128152877515
8129257763987
8130458749502
8130724629200
8132861908088
8137305585887
8137453838330
8138771584541
8140024785490
8144641810528
8155384976396
8155667208749
8158079877954
8161147541664
8161935779590
8163123131531
8166943861541
8170321894069
8172117080472
8173737387941
8174842214306
8174998583745
8175197806482
8176703331733
8177293858020
8182277524709
8182656299853
8183505226846
8185390092223
8187700208928
8189039842835
8189196946704
8192547019439
8192556406893
8193182892913
8193535423214
8193777174691
8197409438168
8197546609391
8202012110179
8207532103656
8210339046613
8210614323835
8212300297659
8213409979019
8219819651644
8220165108751
8228260287968
8233150394251
8233325926836
8234354627718
8234579466918
8234709384464
8237029454022
8240159651773
8240826767141
8240975697023
8242767159573
8242922221961
8243069851691
8243234884448
8244995701050
8245879268782
8246169885436
8248198582553
8249029219983
8252089411006
8253930653323
8254468825442
8254589635135
8258430578893
8258776343926
8259328166338
8261663219020
8262473250517
8262542887347
8262624821412
8263949931947
8266468397379
8270163896938
8271100231386
8271652889905
8272178459771
8273359575259
8275581564735
8277271131180
8281060743812
8282455988627
8284889620791
8286198530099
8288605258992
8289230306195
8289821641667
8292334949489
8293283804447
8297242200349
8297435732831
8301277269353
8303673251369
8305885066595
8305967229566
8305985187961
8308106166753
8313550605284
8317876774822
8318546390090
8318832963687
8323019964388
8324079051575
8324121670037
8325830626094
8332001082474
8332903690104
8334199588882
8334892273696
8338318354310
8339387288629
8341207802083
8341663213997
8342539194815
8342374904457
8345161880095
8346744121253
8351685331470
8353676444831
8353823485267
8353952799884
8354754385183
8355551918505
8356588650307
8359474463098
8360367490671
8361797220401
8362125120806
8362285323147
8364686780550
8365487251409
8365993294372
8366796093391
8369487888146
8369520269499
8369795453036
8370412350027
8376257559021
8376733200751
8378696807664
8379399433839
8380069878799
8380415555558
8380614647962
8382943878147
8384741538551
8384878168980
8385856796676
8388213016646
8388779039110
8389764681932
8389836742790
8390422399922
8391547942789
8391699655452
8394119533576
8397021093251
8397150335048
8397537523952
8404571621817
8409115332617
8413405168190
8413758903219
8416771514530
8418060748633
8423291346824
8424612188024
8425471425992
8425630532653
8425838020464
8426256649619
8426904929506
8429470044352
8432163241433
8434365602760
8436300750789
8438046720200
8442521001487
8444106146439
8446661015861
8446827846353
8447320656777
8447985386460
8450792762075
8451846878230
8452493290185
8453429174913
8454202580884
8454478904490
8456525815438
8457073431224
8458609167372
8458670417260
8461063170680
8464167264118
8464823075355
8468129634568
8469907584952
8469916456769
8477923563387
8478136214653
8478580438384
8480994655721
8481856497428
8481905525706
8485006306875
8485139206776
8488414317730
8491328610309
8493644207805
8494395583811
8495744325878
8496738987867
8496803823960
8496975296531
8500480906134
8506253923995
8508671300402
8509661096053
8510640304304
8511025764393
8514061127788
8517250591520
8518875643915
8521393482713
8521444085092
8521516438566
8521580014918
8521868720081
8522041021056
8522331520429
8524516105179
8525675171210
8529200364450
8529572315760
8534057533409
8535086811728
8536050260450
8539442153538
8540004644272
8542410644341
8544973394008
8549996195953
8550046777746
8550270675672
8554152238535
8554896207705
8555408554126
8556118637505
8557008182815
8557556038220
8558119989041
8558549740694
8559027295477
8559119705594
8561872735824
8562147755844
8564590093412
8565873606558
8566708401652
8567653477037
8568758277904
8571363356728
8573585122938
8574216014592
8575331861900
8576468245366
8578067611511
8579013444245
8580958454602
8583007726187
8583091962133
8587844176471
8588815820416
8590814381959
8590933355817
8593069615183
8593573773232
8594153727744
8595910906617
8597086964347
8597538245970
8598267046005
8601420920606
8604134914275
8604323154154
8606243377750
8607366888130
8613391367496
8614653431559
8615679965783
8619703804413
8623581762062
8624133698013
8627491473216
8629841054281
8630634446374
8630710592872
8632992925003
8633012753194
8633490525788
8634995523156
8635214820278
8638457460607
8639202187152
8642536899356
8647444392661
8650471127243
8651082968591
8653494023066
8658262352300
8660002854616
8660181857002
8661005801362
8664362348365
8668749626282
8668941428776
8670166625380
8671084512103
8671636743467
8672656347604
8675958858939
8676294529002
8676964417462
8677723886635
8678979200411
8681404906864
8681791238494
8682477068350
8687894666936
8688323377898
8691094485303
8692448245666
8692691025169
8695648697075
8699600066824
8700462643891
8701642581293
8703347679114
8705567459149
8707990797348
8708606128419
8710103237112
8710533397035
8713899070086
8714522508402
8718340651029
8719023488925
8720688826328
8722834764638
8725716812359
8729831358785
8732522860887
8732706765182
8733566839198
8735853473559
8740319448972
8740988730453
8742377089821
8743294588404
8744445939472
8752982677269
8754429034710
8756020721419
8760419614428
8762391204161
8765532087562
8766953872652
8767608256025
8767924540747
8770324583245
8770343824862
8771203633075
8777945812419
8781819868587
8782190562224
8783619424178
8788870890267
8790115976797
8793266056257
8796536807764
8796964833663
8797011440056
8804182059403
8804698253258
8805174190586
8805925222597
8808030199754
8808581072940
8809822434589
8811819241476
8813857604817
8814627089865
8814735175429
8815421606128
8815596154424
8818251182985
8819845594900
8820920197442
8826770534253
8830891230178
8831700416516
8833671865775
8834075650660
8836286887958
8840744119345
8845378725160
8845840647549
8852138442106
8852311956123
8858473263246
8858671741188
8860979122187
8861274215055
8864907403881
8868888099101
8869261381875
8874605814643
8877687929847
8879139471881
8881363625039
8882487407969
8883395888888
8884594757197
8885623251211
8888320188354
8888620410070
8894766196501
8898241908511
8902422382448
8904053911684
8906264664519
8908644249156
8909945802484
8910052602522
8911055852167
8913650636463
8914361583961
8916136041270
8916577570490
8916667615506
8916739743779
8918222203111
8920456760452
8921041008003
8923722473438
8928812655381
8932669207976
8935907502635
8937141405277
8938191203271
8940689452382
8942693594256
8943356932620
8944229668882
8946211226025
8946900910020
8949768604261
8951344115924
8951362592608
8951560157562
8951754746398
8953088533569
8953748769260
8955230717018
8960638787105
8961761456395
8965806438537
8966155441100
8969422845588
8971878319520
8973866416303
8975521514522
8977821654823
8980073227011
8980295258039
8984039614846
8984380099699
8985998335056
8987237729008
8991030120757
8991264716450
8991312404582
8991420733970
8993527040906
8993881196622
8999495010729
9002778934854
9004561258031
9011026877096
9016132386678
9016672683992
9016927240574
9021711699971
9023004547129
9023869778690
9024207242903
9026268574269
9029657763800
9030327102232
9030949200804
9031151242552
9033621847908
9034265298873
9035776833652
9042519160890
9042951782544
9045368810091
9048056008831
9050535034750
9051256415392
9061855539290
9063596322940
9064155340481
9064350619948
9066425374233
9066665140872
9075248865668
9075789166484
9080105084793
9081750120485
9085375367836
9085811019817
9086054044864
9087296703830
9088507530382
9090152192266
9094290106482
9095430069964
9095838286390
9097277017979
9097367999956
9104863974803
9106993394117
9108069056714
9110722405470
9112295569344
9116059638048
9116405009751
9116851494521
9117539686528
9120905976765
9122706931622
9124839988511
9125232467665
9128646565552
9129398333451
9130728622237
9132434718969
9134163559585
9134606507920
9134627322045
9136282541670
9136419924338
9136885374347
9137183971634
9137575623882
9140196993593
9140462657860
9142037051844
9143904791696
9144280849797
9148632638633
9149641001388
9155835356585
9159313677247
9163750092662
9165430716707
9168620930143
9170299323843
9171652157600
9171882665043
9176779095804
9178946098489
9180430630051
9180815678364
9181369426777
9181643420750
9187817062375
9192781542099
9193209554038
9201396792086
9201668782494
9204492359689
9205288074748
9206152605419
9208148128810
9209523258474
9217686510841
9218132369150
9218716306861
9218905164562
9219782404444
9221734303750
9221902873474
9222684670374
9224444548633
9226010916549
9226205257716
9227284158222
9229411834269
9230494862476
9232170070694
9232599606511
9233586665627
9234213849939
9234844873945
9235250150064
9237700057916
9240318021590
9241391452516
9241827286708
9241964275344
9245610786093
9248985628456
9253393481692
9253989048858
9254381946810
9256927705042
9258356938978
9264626468816
9267033316428
9267774714965
9269045284269
9269216693944
9269557717156
9279246518148
9280999301352
9283675327967
9285327019022
9285475206596
9287000077657
9287627822784
9288711703293
9289298037979
9290560414824
9292461700488
9292639806431
9297472878805
9297713566232
9297777571326
9299113643599
9300744290912
9301418815653
9302302845558
9302552793531
9303589672783
9305638872557
9307198905652
9308634870091
9315282942575
9320803310672
9324463161803
9325909257838
9331416907128
9335163026361
9339023882548
9340464293282
9344011489067
9346063211924
9346274477966
9346441231742
9346446199016
9348746616316
9352302861751
9355668618922
9356158991570
9357151282504
9363389883970
9365550423992
9366248845171
9367384034771
9369896765884
9370381502556
9372721105564
9373454270536
9374446611368
9374460372337
9378363841501
9381977328948
9387773129222
9393341380865
9394920401735
9394953067229
9395194336907
9395628421384
9396699627149
9397292058897
9397903480604
9399671499871
9400448308521
9404058626921
9401925858591
9409272191231
9411660209589
9411739980272
9415879379958
9417326481924
9417611497401
9419608790403
9422207166630
9424724558660
9426223755243
9434892167724
9435394208199
9435553473239
9435859930238
9436163654643
9441441582822
9442530826667
9444175832812
9445879754974
9453263934307
9453273253658
9454927880947
9455040982488
9457133292085
9464185571402
9464444767270
9465040960676
9465061762556
9471067501488
9471789241945
9482817253137
9486505333354
9486974213126
9487150432157
9488988985938
9489946293065
9490011215653
9491665966212
9492263753761
9493953257217
9495428951644
9495727089338
9499989891968
9500057849757
9500509329882
9504431884822
9506714869403
9508735202726
9510405139485
9510769331716
9513433533584
9516196933639
9518935577128
9520415172457
9520966993631
9522517044090
9522745919986
9525006653995
9525855400887
9526632137712
9526843763281
9527797253811
9528447644225
9537238502637
9539519477009
9539555389700
9540895500519
9543078301460
9546089364691
9546483496684
9547135074007
9547288969069
9547700884239
9548004018061
9549312237076
9549960361192
9551157274857
9555600053020
9556351331139
9556678239347
9559666178734
9560250512070
9564792426307
9569677308426
9570357384760
9570425772413
9573712954233
9574424985768
9576036404651
9576633568220
9581741627233
9584164189050
9587333341204
9587489633147
9587622096655
9588322927164
9595772099440
9596212375452
9596732781740
9599515162125
9599782480236
9603969529264
9604472557850
9606126605481
9610718146078
9610690077018
9611603230803
9611981077816
9614036672806
9618782868377
9619905257818
9620827360937
9621891998927
9628217597994
9629399271160
9630905352914
9631706404727
9632851155106
9632949029456
9633607792101
9635399005421
9638051359658
9638492221118
9641031767749
9641110490476
9642334098868
9642931454630
9643622924265
9643713794890
9644072423605
9646280292844
9646415770704
9646836004716
9651286638800
9651800808726
9655820925272
9657519492416
9661794983637
9662600796205
9664890650755
9665194854542
9665283553004
9671560459440
9671677731576
9672087183177
9672338362078
9675905366103
9677791319119
9682811138717
9682900347822
9683769134219
9687325943468
9687752718370
9693482704460
9693878371382
9694301732107
9696899843487
9697103040845
9697479574913
9698799464441
9699714572807
9700585275220
9701481177120
9701977097574
9702786241066
9703726572059
9705139889960
9707316856390
9711069211221
9712009610272
9713116115544
9718143603644
9718538459290
9720812856695
9722006315964
9726049146974
9730178776018
9731770437499
9734235108873
9738487440583
9738582707727
9741519611752
9742240245445
9742454642702
9745117954051
9747410966878
9748807944356
9753210113619
9753930924380
9754607921459
9757584535275
9758005011583
9758820208472
9760468418465
9761392928617
9764653421391
9766709144346
9767845772486
9768324965146
9768437350327
9770328526193
9770667209245
9771814544080
9772169422832
9772752210709
9776735280598
9777821043417
9784527198143
9784530905349
9791576296843
9791991994386
9795152618333
9795227489158
9795529951902
9796990581544
9797678938094
9798755320917
9801187730480
9805959327847
9807453424015
9807645551628
9809329935991
9809609889334
9810647220973
9813144084796
9815921594757
9816807154836
9820552815928
9824002159303
9826778788961
9828848890413
9830122292172
9832278667163
9833945603583
9835835865798
9836534640471
9841083633805
9844315242042
9844490213301
9848133962441
9848554321490
9851976445699
9855917263069
9856480370857
9859075835717
9861370964368
9863317857016
9864130808636
9864384484846
9864675515754
9866165723397
9866842438088
9867186132304
9867445422641
9868749716689
9870943897712
9871307324363
9874157429707
9878500373013
9879541719112
9882444846472
9883777619023
9885427811566
9885834565625
9886169102714
9886576072440
9886797824026
9888345417575
9891380702438
9891724718309
9892284655646
9894213683096
9896963004671
9898645027381
9899827627191
9900147338800
9900313283804
9901136008889
9903201596772
9905205603746
9905237833210
9906397876871
9908803547900
9909041419561
9909303875227
9910243709527
9914074387152
9914369721883
9914585064306
9915949052830
9917211116554
9917695091606
9917927967327
9927563659043
9931381935470
9932486374065
9936639832365
9937960028410
9939487016567
9940524604586
9946314749550
9948280182010
9948407949243
9948586059962
9949402917787
9952142332222
9954000344804
9954125954483
9954565389173
9958277685806
9958368033134
9961276315254
9963450260220
9965198455739
9966181172992
9966208514866
9968331810082
9969086365995
9971640028925
9975728351134
9977558211756
9977742641925
9981014401056
9982241618316
9983439831562
9983644140718
9983844830907
9990351942603
9991037620587
9991775962222
9995221042209
9995840727693
9998838540960